emura:
Grant User Timing: 
(5000, 36.7191)
(10000, 95.5967)
(15000, 207.842)
(20000, 307.209)
(25000, 484.348)
(30000, 628.865)
Grant CP Timing: 
(5000, 16.6395)
(10000, 32.269)
(15000, 48.6981)
(20000, 65.6865)
(25000, 80.9205)
(30000, 96.8064)
Auth User Timing: 
(5000, 2.0755)
(10000, 2.153)
(15000, 2.0409)
(20000, 2.114)
(25000, 2.222)
(30000, 2.572)
Auth CP Timing: 
(5000, 2.5971)
(10000, 2.544)
(15000, 2.6173)
(20000, 2.5173)
(25000, 2.613)
(30000, 2.572)

(5000, 14444)
(10000, 19746)
(15000, 25716)
(20000, 38432)
(25000, 45120)
(30000, 52304)

hwg: 
Grant User Timing: 
(5000, 6.55196)
(10000, 13.0528)
(15000, 19.5369)
(20000, 26.4842)
(25000, 33.6625)
(30000, 40.3524)
Grant CP Timing: 
(5000, 6.52939)
(10000, 12.9955)
(15000, 19.7736)
(20000, 26.4545)
(25000, 33.5333)
(30000, 40.1374)
Auth User Timing: 
(5000, 2.0575)
(10000, 2.0976)
(15000, 2.155)
(20000, 2.2905)
(25000, 2.3932)
(30000, 2.3495)
Auth CP Timing: 
(5000, 2.6252)
(10000, 2.6221)
(15000, 2.6153)
(20000, 2.7365)
(25000, 2.7168)
(30000, 2.6217)

// ours
Grant User Timing: 
(5000, 0.0298272)
(10000, 0.0277978)
(15000, 0.0280449)
(20000, 0.0282735)
(25000, 0.027917)
(30000, 0.0278022)
Grant CP Timing: 
(5000, 0.0159483)
(10000, 0.015934)
(15000, 0.0158527)
(20000, 0.0161812)
(25000, 0.0158107)
(30000, 0.0158647)
Auth User Timing: 
(5000, 2.65999)
(10000, 2.66735)
(15000, 2.65577)
(20000, 2.6643)
(25000, 2.66354)
(30000, 2.66023)
Auth CP Timing: 
(5000, 2.23592)
(10000, 2.22534)
(15000, 2.21324)
(20000, 2.23376)
(25000, 2.23384)
(30000, 2.22952)
